8.411666667E0 2.723943446E-1 7.212791407E-3
8.431666667E0 2.723943446E-1 -7.212791407E-3
8.470000000E0 2.719735984E-1 -5.371227643E-3
8.510000000E0 2.719735984E-1 -0.000000000E0
8.530000000E0 2.719735984E-1 -0.000000000E0
8.568333333E0 2.719735984E-1 -0.000000000E0
8.608333333E0 2.719735984E-1 -0.000000000E0
8.626666667E0 2.719735984E-1 -0.000000000E0
8.666666667E0 2.719735984E-1 -0.000000000E0
8.706666667E0 2.719735984E-1 -0.000000000E0
8.745000000E0 2.719735984E-1 -0.000000000E0
8.765000000E0 2.719735984E-1 -0.000000000E0
8.803333333E0 2.719735984E-1 -0.000000000E0
8.843333333E0 2.719735984E-1 -0.000000000E0
8.863333333E0 2.719735984E-1 -0.000000000E0
8.901666667E0 2.719735984E-1 2.148491057E-2
8.941666667E0 2.736565831E-1 2.885116563E-2
8.960000000E0 2.736565831E-1 -1.442558281E-2
9.000000000E0 2.728150907E-1 -1.577798120E-2
9.040000000E0 2.723943446E-1 -5.371227643E-3
9.078333333E0 2.723943446E-1 -0.000000000E0
9.098333333E0 2.723943446E-1 -0.000000000E0
9.136666667E0 2.723943446E-1 5.371227643E-3
9.176666667E0 2.728150907E-1 7.012436090E-3
9.196666667E0 2.728150907E-1 -0.000000000E0
9.235000000E0 2.728150907E-1 -0.000000000E0
9.275000000E0 2.728150907E-1 -0.000000000E0
9.293333333E0 2.728150907E-1 -0.000000000E0
9.333333333E0 2.728150907E-1 -0.000000000E0
9.373333333E0 2.728150907E-1 -5.371227643E-3
9.411666667E0 2.723943446E-1 -7.212791407E-3
9.431666667E0 2.723943446E-1 -0.000000000E0
9.470000000E0 2.723943446E-1 -0.000000000E0
9.510000000E0 2.723943446E-1 -2.103730827E-2
9.530000000E0 2.711321061E-1 -1.442558281E-2
9.568333333E0 2.715528522E-1 1.074245529E-2
9.608333333E0 2.719735984E-1 7.212791407E-3
9.626666667E0 2.719735984E-1 -0.000000000E0
9.666666667E0 2.719735984E-1 -0.000000000E0
9.706666667E0 2.719735984E-1 -0.000000000E0
9.745000000E0 2.719735984E-1 -7.212791407E-3
9.765000000E0 2.715528522E-1 -7.212791407E-3
9.803333333E0 2.715528522E-1 -5.371227643E-3
9.843333333E0 2.711321061E-1 -1.402487218E-2
9.863333333E0 2.707113599E-1 -2.163837422E-2
9.901666667E0 2.698698676E-1 -1.074245529E-2
9.941666667E0 2.698698676E-1 -0.000000000E0
9.960000000E0 2.698698676E-1 -7.212791407E-3
1.000000000E1 2.694491214E-1 -5.259327068E-3
1.004000000E1 2.694491214E-1 -0.000000000E0
1.007833333E1 2.694491214E-1 -2.885116563E-2
1.009833333E1 2.677661368E-1 -2.885116563E-2
1.013666667E1 2.677661368E-1 5.371227643E-3
1.017666667E1 2.681868829E-1 -3.506218045E-2
1.019666667E1 2.656624059E-1 -6.491512266E-2
1.023500000E1 2.644001674E-1 -1.611368293E-2
1.027500000E1 2.644001674E-1 -0.000000000E0
1.029333333E1 2.644001674E-1 -2.163837422E-2
1.033333333E1 2.631379289E-1 -2.804974436E-2
1.035333333E1 2.627171828E-1 -1.051865414E-2
1.037333333E1 2.627171828E-1 -4.390394769E-2
1.039166667E1 2.610341981E-1 -8.780789539E-2
1.041166667E1 2.593512134E-1 -8.414923308E-2
1.043166667E1 2.576682288E-1 -1.262238496E-1
1.045166667E1 2.543022595E-1 -4.500154639E-1
1.047000000E1 2.404176360E-1 -1.306142444E0
1.049000000E1 2.042334658E-1 -1.040614263E0
1.051000000E1 1.987930655E-1 -4.360406987E-1
1.053000000E1 1.867918378E-1 -1.095764266E0
1.054833333E1 1.567887687E-1 -1.740943668E0