1.387312398E0 -2.447226852E0 -1.096086607E-2
1.429352167E0 -2.448148436E0 7.891823571E-1
1.471391937E0 -2.380872763E0 1.337225661E0
1.513431706E0 -2.335715119E0 2.348708083E0
1.555471476E0 -2.183394469E0 4.062495543E0
1.597511246E0 -1.994142365E0 5.153631077E0
1.639551015E0 -1.750079543E0 5.498026471E0
1.681590785E0 -1.531870833E0 5.552052331E0
1.723630555E0 -1.283265541E0 5.335294977E0
1.765670324E0 -1.083281689E0 4.767976741E0
1.807710094E0 -8.823762533E-1 4.750570138E0
1.849749863E0 -6.838559410E-1 4.575071726E0