1.387312398E0 -3.490780367E-1 -4.349113107E-3
1.429352167E0 -3.490780367E-1 0.000000000E0
1.471391937E0 -3.490780367E-1 2.174556554E-2
1.513431706E0 -3.472496796E-1 4.349113107E-2
1.555471476E0 -3.454213225E-1 6.088758350E-2
1.597511246E0 -3.421302796E-1 6.523669661E-2
1.639551015E0 -3.399362511E-1 3.707636316E-2
1.681590785E0 -3.390129161E-1 4.972609069E-2
1.723630555E0 -3.357553043E-1 1.162332185E-1
1.765670324E0 -3.292400806E-1 2.092197933E-1
1.807710094E0 -3.181642004E-1 2.905830463E-1
1.849749863E0 -3.048079920E-1 7.456992437E-1