8.411666667E0 1.361647955E0 -3.637975351E-2
8.431666667E0 1.359525803E0 -3.637975351E-2
8.470000000E0 1.359525803E0 -1.625478348E-1
8.510000000E0 1.346792889E0 -3.890612528E-1
8.530000000E0 1.336182128E0 -2.182785210E-1
8.568333333E0 1.334059975E0 -3.250956696E-1
8.608333333E0 1.310716300E0 -4.365570421E-1
8.626666667E0 1.308594148E0 -4.729367956E-1
8.666666667E0 1.283128320E0 -5.040111684E-1
8.706666667E0 1.268273254E0 -4.063695870E-1
8.745000000E0 1.251296036E0 -6.366456864E-1
8.765000000E0 1.231135589E0 -6.548355631E-1
8.803333333E0 1.213097295E0 -4.199152399E-1
8.843333333E0 1.198242229E0 -5.128534696E-1
8.863333333E0 1.182326087E0 -5.638861793E-1
8.901666667E0 1.165348868E0 -4.470065457E-1
8.941666667E0 1.147310574E0 -5.820760561E-1
8.960000000E0 1.131394432E0 -4.508635602E-1
9.000000000E0 1.121010200E0 -3.547562977E-1
9.040000000E0 1.103013928E0 -4.594792756E-1
9.078333333E0 1.085017656E0 -5.913060678E-1
9.098333333E0 1.068521074E0 -5.398881489E-1
9.136666667E0 1.053524181E0 -4.881967304E-1
9.176666667E0 1.030278997E0 -6.748601861E-1
9.196666667E0 1.013032570E0 -5.784515881E-1
9.235000000E0 9.965359875E-1 -4.403343058E-1
9.275000000E0 9.785397158E-1 -7.327053449E-1
9.293333333E0 9.537948423E-1 -6.812874260E-1
9.333333333E0 9.387979493E-1 -4.217876163E-1
9.373333333E0 9.200518330E-1 -4.594792756E-1
9.411666667E0 9.028054061E-1 -6.684329462E-1
9.431666667E0 8.810599112E-1 -6.298695070E-1
9.470000000E0 8.660630182E-1 -3.828993964E-1
9.510000000E0 8.510661251E-1 -5.373886667E-1
9.530000000E0 8.338196982E-1 -6.170150273E-1
9.568333333E0 8.150735819E-1 -4.307618209E-1
9.608333333E0 8.000766888E-1 -6.041605475E-1
9.626666667E0 7.798308833E-1 -4.756157502E-1
9.666666667E0 7.723324368E-1 -2.811917442E-1
9.706666667E0 7.573355437E-1 -3.924718813E-1
9.745000000E0 7.415888061E-1 -5.527426286E-1
9.765000000E0 7.250922237E-1 -5.784515881E-1
9.803333333E0 7.078457967E-1 -4.307618209E-1
9.843333333E0 6.913492144E-1 -4.998964341E-1
9.863333333E0 6.778520107E-1 -5.270336691E-1
9.901666667E0 6.606055837E-1 -4.403343058E-1
9.941666667E0 6.433591567E-1 -5.527426286E-1
9.960000000E0 6.283622637E-1 -4.756157502E-1
1.000000000E1 6.156149046E-1 -4.217876163E-1
1.004000000E1 5.946192544E-1 -4.594792756E-1
1.007833333E1 5.796223614E-1 -5.141791894E-1
1.009833333E1 5.646254684E-1 -5.013247097E-1
1.013666667E1 5.503784200E-1 -3.924718813E-1
1.017666667E1 5.338818377E-1 -4.749016124E-1
1.019666667E1 5.218843232E-1 -4.499067907E-1
1.023500000E1 5.076372749E-1 -3.446094567E-1
1.027500000E1 4.948899158E-1 -5.141791894E-1
1.029333333E1 4.776434888E-1 -5.013247097E-1
1.033333333E1 4.656459744E-1 -3.874197365E-1
1.035333333E1 4.543983046E-1 -6.561140698E-1
1.037333333E1 4.394014116E-1 -8.020077574E-1
1.039166667E1 4.236546739E-1 -7.433242629E-1
1.041166667E1 4.109073149E-1 -6.561140698E-1
1.043166667E1 3.974101111E-1 -9.747980466E-1
1.045166667E1 3.719153930E-1 -9.389359111E-1
1.047000000E1 3.614175679E-1 -8.998135815E-1
1.049000000E1 3.374225390E-1 -1.218497558E0
1.051000000E1 3.126776656E-1 -1.199751442E0
1.053000000E1 2.894324814E-1 -1.271475713E0
1.054833333E1 2.639377632E-1 -1.740943668E0
